*T
DEMONSTRATION SECTION                                    
*X
 300           0             19.5 
*R
 580           0             17.8 
*G-V3
1,14,0,1000,0,25,-15,15,0
 0             18            4 
 20            18            4 
 50            15            4 
 100           15            4 
 200           16            4 
 300           17            4 
 400           15            4 
 450           24            4 
 470           24            4 
 500           16            4 
 580           16            4 
 700           16            4 
 800           15            4 
 1000          12            4 
 0             0             0 
